0
10009999688078234252
10009999688078234252
-10009999688078234252
-10009999688078234252
10103452788912510275
10103452788912510275
-9916546587243958229
-9916546587243958229
9916546587243958229
9916546587243958229
-10103452788912510275
-10103452788912510275
0
-10009999688078234252
10009999688078234252
10009999688078234252
-10009999688078234252
-9916546587243958229
9916546587243958229
10103452788912510275
-10103452788912510275
-10103452788912510275
10103452788912510275
9916546587243958229
-9916546587243958229
0
0
0
0
0
935465510201046763376730984620939796
935465510201046763376730984620939796
-935465510201046763376730984620939796
-935465510201046763376730984620939796
-935465510201046763376730984620939796
-935465510201046763376730984620939796
935465510201046763376730984620939796
935465510201046763376730984620939796
0
0
0
107
0
-107
0
-107
0
107
