10 100
1234567890 9876543210
1 1
1 2
1 3
1 5
1 6
1 4
1 8
1 9
1 7
1 13
1 14
1 12
1 21
1 22
1 20
1 34
1 35
1 33
1 55
1 56
1 54
1 89
1 90
1 88
1 144
1 145
1 143
1 233
1 234
1 232
1 377
1 378
1 376
1 610
1 611
1 609
1 987
1 988
1 986
1 1597
1 1598
1 1596
1 2584
1 2585
1 2583
1 4181
1 4182
1 4180
1 6765
1 6766
1 6764
1 10946
1 10947
1 10945
1 17711
1 17712
1 17710
1 28657
1 28658
1 28656
1 46368
1 46369
1 46367
1 75025
1 75026
1 75024
1 121393
1 121394
1 121392
1 196418
1 196419
1 196417
1 317811
1 317812
1 317810
1 514229
1 514230
1 514228
1 832040
1 832041
1 832039
1 1346269
1 1346270
1 1346268
1 2178309
1 2178310
1 2178308
1 3524578
1 3524579
1 3524577
1 5702887
1 5702888
1 5702886
1 9227465
1 9227466
1 9227464
1 14930352
1 14930353
1 14930351
1 24157817
1 24157818
1 24157816
1 39088169
1 39088170
1 39088168
1 63245986
1 63245987
1 63245985
1 102334155
1 102334156
1 102334154
1 165580141
1 165580142
1 165580140
1 267914296
1 267914297
1 267914295
1 433494437
1 433494438
1 433494436
1 701408733
1 701408734
1 701408732
1 1134903170
1 1134903171
1 1134903169
1 1836311903
1 1836311904
1 1836311902
1 2971215073
1 2971215074
1 2971215072
1 4807526976
1 4807526977
1 4807526975
1 7778742049
1 7778742050
1 7778742048
1 12586269025
1 12586269026
1 12586269024
1 20365011074
1 20365011075
1 20365011073
1 32951280099
1 32951280100
1 32951280098
1 53316291173
1 53316291174
1 53316291172
1 86267571272
1 86267571273
1 86267571271
1 139583862445
1 139583862446
1 139583862444
1 225851433717
1 225851433718
1 225851433716
1 365435296162
1 365435296163
1 365435296161
1 591286729879
1 591286729880
1 591286729878
1 956722026041
1 956722026042
1 956722026040
1 1548008755920
1 1548008755921
1 1548008755919
1 2504730781961
1 2504730781962
1 2504730781960
1 4052739537881
1 4052739537882
1 4052739537880
1 6557470319842
1 6557470319843
1 6557470319841
1 10610209857723
1 10610209857724
1 10610209857722
1 17167680177565
1 17167680177566
1 17167680177564
1 27777890035288
1 27777890035289
1 27777890035287
1 44945570212853
1 44945570212854
1 44945570212852
1 72723460248141
1 72723460248142
1 72723460248140
1 117669030460994
1 117669030460995
1 117669030460993
1 190392490709135
1 190392490709136
1 190392490709134
1 308061521170129
1 308061521170130
1 308061521170128
1 498454011879264
1 498454011879265
1 498454011879263
1 806515533049393
1 806515533049394
1 806515533049392
1 1304969544928657
1 1304969544928658
1 1304969544928656
1 2111485077978050
1 2111485077978051
1 2111485077978049
1 3416454622906707
1 3416454622906708
1 3416454622906706
1 5527939700884757
1 5527939700884758
1 5527939700884756
1 8944394323791464
1 8944394323791465
1 8944394323791463
1 14472334024676221
1 14472334024676222
1 14472334024676220
1 23416728348467685
1 23416728348467686
1 23416728348467684
1 37889062373143906
1 37889062373143907
1 37889062373143905
1 61305790721611591
1 61305790721611592
1 61305790721611590
1 99194853094755497
1 99194853094755498
1 99194853094755496
1 160500643816367088
1 160500643816367089
1 160500643816367087
1 259695496911122585
1 259695496911122586
1 259695496911122584
1 420196140727489673
1 420196140727489674
1 420196140727489672
1 679891637638612258
1 679891637638612259
1 679891637638612257
1 1100087778366101931
1 1100087778366101932
1 1100087778366101930
1 1779979416004714189
1 1779979416004714190
1 1779979416004714188
1 2880067194370816120
1 2880067194370816121
1 2880067194370816119
1 4660046610375530309
1 4660046610375530310
1 4660046610375530308
1 7540113804746346429
1 7540113804746346430
1 7540113804746346428
1 12200160415121876738
1 12200160415121876739
1 12200160415121876737
1 19740274219868223167
1 19740274219868223168
1 19740274219868223166
1 31940434634990099905
1 31940434634990099906
1 31940434634990099904
1 51680708854858323072
1 51680708854858323073
1 51680708854858323071
1 83621143489848422977
1 83621143489848422978
1 83621143489848422976
1 135301852344706746049
1 135301852344706746050
1 135301852344706746048
1 218922995834555169026
1 218922995834555169027
1 218922995834555169025
1 354224848179261915075
1 354224848179261915076
1 354224848179261915074
1 573147844013817084101
1 573147844013817084102
1 573147844013817084100
1 927372692193078999176
1 927372692193078999177
1 927372692193078999175
1 1500520536206896083277
1 1500520536206896083278
1 1500520536206896083276
1 2427893228399975082453
1 2427893228399975082454
1 2427893228399975082452
1 3928413764606871165730
1 3928413764606871165731
1 3928413764606871165729
1 6356306993006846248183
1 6356306993006846248184
1 6356306993006846248182
1 10284720757613717413913
1 10284720757613717413914
1 10284720757613717413912
1 16641027750620563662096
1 16641027750620563662097
1 16641027750620563662095
1 26925748508234281076009
1 26925748508234281076010
1 26925748508234281076008
1 43566776258854844738105
1 43566776258854844738106
1 43566776258854844738104
1 70492524767089125814114
1 70492524767089125814115
1 70492524767089125814113
1 114059301025943970552219
1 114059301025943970552220
1 114059301025943970552218
1 184551825793033096366333
1 184551825793033096366334
1 184551825793033096366332
1 298611126818977066918552
1 298611126818977066918553
1 298611126818977066918551
1 483162952612010163284885
1 483162952612010163284886
1 483162952612010163284884
1 781774079430987230203437
1 781774079430987230203438
1 781774079430987230203436
1 1264937032042997393488322
1 1264937032042997393488323
1 1264937032042997393488321
1 2046711111473984623691759
1 2046711111473984623691760
1 2046711111473984623691758
1 3311648143516982017180081
1 3311648143516982017180082
1 3311648143516982017180080
1 5358359254990966640871840
1 5358359254990966640871841
1 5358359254990966640871839
1 8670007398507948658051921
1 8670007398507948658051922
1 8670007398507948658051920
1 14028366653498915298923761
1 14028366653498915298923762
1 14028366653498915298923760
1 22698374052006863956975682
1 22698374052006863956975683
1 22698374052006863956975681
1 36726740705505779255899443
1 36726740705505779255899444
1 36726740705505779255899442
1 59425114757512643212875125
1 59425114757512643212875126
1 59425114757512643212875124
1 96151855463018422468774568
1 96151855463018422468774569
1 96151855463018422468774567
1 155576970220531065681649693
1 155576970220531065681649694
1 155576970220531065681649692
1 251728825683549488150424261
1 251728825683549488150424262
1 251728825683549488150424260
1 407305795904080553832073954
1 407305795904080553832073955
1 407305795904080553832073953
1 659034621587630041982498215
1 659034621587630041982498216
1 659034621587630041982498214
1 1066340417491710595814572169
1 1066340417491710595814572170
1 1066340417491710595814572168
1 1725375039079340637797070384
1 1725375039079340637797070385
1 1725375039079340637797070383
1 2791715456571051233611642553
1 2791715456571051233611642554
1 2791715456571051233611642552
1 4517090495650391871408712937
1 4517090495650391871408712938
1 4517090495650391871408712936
1 7308805952221443105020355490
1 7308805952221443105020355491
1 7308805952221443105020355489
1 11825896447871834976429068427
1 11825896447871834976429068428
1 11825896447871834976429068426
1 19134702400093278081449423917
1 19134702400093278081449423918
1 19134702400093278081449423916
1 30960598847965113057878492344
1 30960598847965113057878492345
1 30960598847965113057878492343
1 50095301248058391139327916261
1 50095301248058391139327916262
1 50095301248058391139327916260
1 81055900096023504197206408605
1 81055900096023504197206408606
1 81055900096023504197206408604
1 131151201344081895336534324866
1 131151201344081895336534324867
1 131151201344081895336534324865
1 212207101440105399533740733471
1 212207101440105399533740733472
1 212207101440105399533740733470
1 343358302784187294870275058337
1 343358302784187294870275058338
1 343358302784187294870275058336
1 555565404224292694404015791808
1 555565404224292694404015791809
1 555565404224292694404015791807
1 898923707008479989274290850145
1 898923707008479989274290850146
1 898923707008479989274290850144
1 1454489111232772683678306641953
1 1454489111232772683678306641954
1 1454489111232772683678306641952
1 2353412818241252672952597492098
1 2353412818241252672952597492099
1 2353412818241252672952597492097
1 3807901929474025356630904134051
1 3807901929474025356630904134052
1 3807901929474025356630904134050
1 6161314747715278029583501626149
1 6161314747715278029583501626150
1 6161314747715278029583501626148
1 9969216677189303386214405760200
1 9969216677189303386214405760201
1 9969216677189303386214405760199
1 16130531424904581415797907386349
1 16130531424904581415797907386350
1 16130531424904581415797907386348
1 26099748102093884802012313146549
1 26099748102093884802012313146550
1 26099748102093884802012313146548
1 42230279526998466217810220532898
1 42230279526998466217810220532899
1 42230279526998466217810220532897
1 68330027629092351019822533679447
1 68330027629092351019822533679448
1 68330027629092351019822533679446
1 110560307156090817237632754212345
1 110560307156090817237632754212346
1 110560307156090817237632754212344
1 178890334785183168257455287891792
1 178890334785183168257455287891793
1 178890334785183168257455287891791
1 289450641941273985495088042104137
1 289450641941273985495088042104138
1 289450641941273985495088042104136
1 468340976726457153752543329995929
1 468340976726457153752543329995930
1 468340976726457153752543329995928
1 757791618667731139247631372100066
1 757791618667731139247631372100067
1 757791618667731139247631372100065
1 1226132595394188293000174702095995
1 1226132595394188293000174702095996
1 1226132595394188293000174702095994
1 1983924214061919432247806074196061
1 1983924214061919432247806074196062
1 1983924214061919432247806074196060
1 3210056809456107725247980776292056
1 3210056809456107725247980776292057
1 3210056809456107725247980776292055
1 5193981023518027157495786850488117
1 5193981023518027157495786850488118
1 5193981023518027157495786850488116
1 8404037832974134882743767626780173
1 8404037832974134882743767626780174
1 8404037832974134882743767626780172
1 13598018856492162040239554477268290
1 13598018856492162040239554477268291
1 13598018856492162040239554477268289
1 22002056689466296922983322104048463
1 22002056689466296922983322104048464
1 22002056689466296922983322104048462
1 35600075545958458963222876581316753
1 35600075545958458963222876581316754
1 35600075545958458963222876581316752
1 57602132235424755886206198685365216
1 57602132235424755886206198685365217
1 57602132235424755886206198685365215
1 93202207781383214849429075266681969
1 93202207781383214849429075266681970
1 93202207781383214849429075266681968
1 150804340016807970735635273952047185
1 150804340016807970735635273952047186
1 150804340016807970735635273952047184
1 244006547798191185585064349218729154
1 244006547798191185585064349218729155
1 244006547798191185585064349218729153
1 394810887814999156320699623170776339
1 394810887814999156320699623170776340
1 394810887814999156320699623170776338
1 638817435613190341905763972389505493
1 638817435613190341905763972389505494
1 638817435613190341905763972389505492
1 1033628323428189498226463595560281832
1 1033628323428189498226463595560281833
1 1033628323428189498226463595560281831
1 1672445759041379840132227567949787325
1 1672445759041379840132227567949787326
1 1672445759041379840132227567949787324
1 2706074082469569338358691163510069157
1 2706074082469569338358691163510069158
1 2706074082469569338358691163510069156
1 4378519841510949178490918731459856482
1 4378519841510949178490918731459856483
1 4378519841510949178490918731459856481
1 7084593923980518516849609894969925639
1 7084593923980518516849609894969925640
1 7084593923980518516849609894969925638
1 11463113765491467695340528626429782121
1 11463113765491467695340528626429782122
1 11463113765491467695340528626429782120
1 18547707689471986212190138521399707760
1 18547707689471986212190138521399707761
1 18547707689471986212190138521399707759
1 30010821454963453907530667147829489881
1 30010821454963453907530667147829489882
1 30010821454963453907530667147829489880
1 48558529144435440119720805669229197641
1 48558529144435440119720805669229197642
1 48558529144435440119720805669229197640
1 78569350599398894027251472817058687522
1 78569350599398894027251472817058687523
1 78569350599398894027251472817058687521
1 127127879743834334146972278486287885163
1 127127879743834334146972278486287885164
1 127127879743834334146972278486287885162
1 205697230343233228174223751303346572685
1 205697230343233228174223751303346572686
1 205697230343233228174223751303346572684
1 332825110087067562321196029789634457848
1 332825110087067562321196029789634457849
1 332825110087067562321196029789634457847
1 538522340430300790495419781092981030533
1 538522340430300790495419781092981030534
1 538522340430300790495419781092981030532
1 871347450517368352816615810882615488381
1 871347450517368352816615810882615488382
1 871347450517368352816615810882615488380
1 1409869790947669143312035591975596518914
1 1409869790947669143312035591975596518915
1 1409869790947669143312035591975596518913
1 2281217241465037496128651402858212007295
1 2281217241465037496128651402858212007296
1 2281217241465037496128651402858212007294
1 3691087032412706639440686994833808526209
1 3691087032412706639440686994833808526210
1 3691087032412706639440686994833808526208
1 5972304273877744135569338397692020533504
1 5972304273877744135569338397692020533505
1 5972304273877744135569338397692020533503
1 9663391306290450775010025392525829059713
1 9663391306290450775010025392525829059714
1 9663391306290450775010025392525829059712
1 15635695580168194910579363790217849593217
1 15635695580168194910579363790217849593218
1 15635695580168194910579363790217849593216
1 25299086886458645685589389182743678652930
1 25299086886458645685589389182743678652931
1 25299086886458645685589389182743678652929
1 40934782466626840596168752972961528246147
1 40934782466626840596168752972961528246148
1 40934782466626840596168752972961528246146
1 66233869353085486281758142155705206899077
1 66233869353085486281758142155705206899078
1 66233869353085486281758142155705206899076
1 107168651819712326877926895128666735145224
1 107168651819712326877926895128666735145225
1 107168651819712326877926895128666735145223
1 173402521172797813159685037284371942044301
1 173402521172797813159685037284371942044302
1 173402521172797813159685037284371942044300
1 280571172992510140037611932413038677189525
1 280571172992510140037611932413038677189526
1 280571172992510140037611932413038677189524
1 453973694165307953197296969697410619233826
1 453973694165307953197296969697410619233827
1 453973694165307953197296969697410619233825
1 734544867157818093234908902110449296423351
1 734544867157818093234908902110449296423352
1 734544867157818093234908902110449296423350
1 1188518561323126046432205871807859915657177
1 1188518561323126046432205871807859915657178
1 1188518561323126046432205871807859915657176
1 1923063428480944139667114773918309212080528
1 1923063428480944139667114773918309212080529
1 1923063428480944139667114773918309212080527
1 3111581989804070186099320645726169127737705
1 3111581989804070186099320645726169127737706
1 3111581989804070186099320645726169127737704
1 5034645418285014325766435419644478339818233
1 5034645418285014325766435419644478339818234
1 5034645418285014325766435419644478339818232
1 8146227408089084511865756065370647467555938
1 8146227408089084511865756065370647467555939
1 8146227408089084511865756065370647467555937
1 13180872826374098837632191485015125807374171
1 13180872826374098837632191485015125807374172
1 13180872826374098837632191485015125807374170
1 21327100234463183349497947550385773274930109
1 21327100234463183349497947550385773274930110
1 21327100234463183349497947550385773274930108
1 34507973060837282187130139035400899082304280
1 34507973060837282187130139035400899082304281
1 34507973060837282187130139035400899082304279
1 55835073295300465536628086585786672357234389
1 55835073295300465536628086585786672357234390
1 55835073295300465536628086585786672357234388
1 90343046356137747723758225621187571439538669
1 90343046356137747723758225621187571439538670
1 90343046356137747723758225621187571439538668
1 146178119651438213260386312206974243796773058
1 146178119651438213260386312206974243796773059
1 146178119651438213260386312206974243796773057
1 236521166007575960984144537828161815236311727
1 236521166007575960984144537828161815236311728
1 236521166007575960984144537828161815236311726
1 382699285659014174244530850035136059033084785
1 382699285659014174244530850035136059033084786
1 382699285659014174244530850035136059033084784
1 619220451666590135228675387863297874269396512
1 619220451666590135228675387863297874269396513
1 619220451666590135228675387863297874269396511
1 1001919737325604309473206237898433933302481297
1 1001919737325604309473206237898433933302481298
1 1001919737325604309473206237898433933302481296
1 1621140188992194444701881625761731807571877809
1 1621140188992194444701881625761731807571877810
1 1621140188992194444701881625761731807571877808
1 2623059926317798754175087863660165740874359106
1 2623059926317798754175087863660165740874359107
1 2623059926317798754175087863660165740874359105
1 4244200115309993198876969489421897548446236915
1 4244200115309993198876969489421897548446236916
1 4244200115309993198876969489421897548446236914
1 6867260041627791953052057353082063289320596021
1 6867260041627791953052057353082063289320596022
1 6867260041627791953052057353082063289320596020
1 11111460156937785151929026842503960837766832936
1 11111460156937785151929026842503960837766832937
1 11111460156937785151929026842503960837766832935
1 17978720198565577104981084195586024127087428957
1 17978720198565577104981084195586024127087428958
1 17978720198565577104981084195586024127087428956
1 29090180355503362256910111038089984964854261893
1 29090180355503362256910111038089984964854261894
1 29090180355503362256910111038089984964854261892
1 47068900554068939361891195233676009091941690850
1 47068900554068939361891195233676009091941690851
1 47068900554068939361891195233676009091941690849
1 76159080909572301618801306271765994056795952743
1 76159080909572301618801306271765994056795952744
1 76159080909572301618801306271765994056795952742
1 123227981463641240980692501505442003148737643593
1 123227981463641240980692501505442003148737643594
1 123227981463641240980692501505442003148737643592
1 199387062373213542599493807777207997205533596336
1 199387062373213542599493807777207997205533596337
1 199387062373213542599493807777207997205533596335
1 322615043836854783580186309282650000354271239929
1 322615043836854783580186309282650000354271239930
1 322615043836854783580186309282650000354271239928
1 522002106210068326179680117059857997559804836265
1 522002106210068326179680117059857997559804836266
1 522002106210068326179680117059857997559804836264
1 844617150046923109759866426342507997914076076194
1 844617150046923109759866426342507997914076076195
1 844617150046923109759866426342507997914076076193
1 1366619256256991435939546543402365995473880912459
1 1366619256256991435939546543402365995473880912460
1 1366619256256991435939546543402365995473880912458
1 2211236406303914545699412969744873993387956988653
1 2211236406303914545699412969744873993387956988654
1 2211236406303914545699412969744873993387956988652
1 3577855662560905981638959513147239988861837901112
1 3577855662560905981638959513147239988861837901113
1 3577855662560905981638959513147239988861837901111
1 5789092068864820527338372482892113982249794889765
1 5789092068864820527338372482892113982249794889766
1 5789092068864820527338372482892113982249794889764
1 9366947731425726508977331996039353971111632790877
1 9366947731425726508977331996039353971111632790878
1 9366947731425726508977331996039353971111632790876
1 15156039800290547036315704478931467953361427680642
1 15156039800290547036315704478931467953361427680643
1 15156039800290547036315704478931467953361427680641
1 24522987531716273545293036474970821924473060471519
1 24522987531716273545293036474970821924473060471520
1 24522987531716273545293036474970821924473060471518
1 39679027332006820581608740953902289877834488152161
1 39679027332006820581608740953902289877834488152162
1 39679027332006820581608740953902289877834488152160
1 64202014863723094126901777428873111802307548623680
1 64202014863723094126901777428873111802307548623681
1 64202014863723094126901777428873111802307548623679
1 103881042195729914708510518382775401680142036775841
1 103881042195729914708510518382775401680142036775842
1 103881042195729914708510518382775401680142036775840
1 168083057059453008835412295811648513482449585399521
1 168083057059453008835412295811648513482449585399522
1 168083057059453008835412295811648513482449585399520
1 271964099255182923543922814194423915162591622175362
1 271964099255182923543922814194423915162591622175363
1 271964099255182923543922814194423915162591622175361
1 440047156314635932379335110006072428645041207574883
1 440047156314635932379335110006072428645041207574884
1 440047156314635932379335110006072428645041207574882
1 712011255569818855923257924200496343807632829750245
1 712011255569818855923257924200496343807632829750246
1 712011255569818855923257924200496343807632829750244
1 1152058411884454788302593034206568772452674037325128
1 1152058411884454788302593034206568772452674037325129
1 1152058411884454788302593034206568772452674037325127
1 1864069667454273644225850958407065116260306867075373
1 1864069667454273644225850958407065116260306867075374
1 1864069667454273644225850958407065116260306867075372
1 3016128079338728432528443992613633888712980904400501
1 3016128079338728432528443992613633888712980904400502
1 3016128079338728432528443992613633888712980904400500
1 4880197746793002076754294951020699004973287771475874
1 4880197746793002076754294951020699004973287771475875
1 4880197746793002076754294951020699004973287771475873
1 7896325826131730509282738943634332893686268675876375
1 7896325826131730509282738943634332893686268675876376
1 7896325826131730509282738943634332893686268675876374
1 12776523572924732586037033894655031898659556447352249
1 12776523572924732586037033894655031898659556447352250
1 12776523572924732586037033894655031898659556447352248
1 20672849399056463095319772838289364792345825123228624
1 20672849399056463095319772838289364792345825123228625
1 20672849399056463095319772838289364792345825123228623
1 33449372971981195681356806732944396691005381570580873
1 33449372971981195681356806732944396691005381570580874
1 33449372971981195681356806732944396691005381570580872
1 54122222371037658776676579571233761483351206693809497
1 54122222371037658776676579571233761483351206693809498
1 54122222371037658776676579571233761483351206693809496
1 87571595343018854458033386304178158174356588264390370
1 87571595343018854458033386304178158174356588264390371
1 87571595343018854458033386304178158174356588264390369
1 141693817714056513234709965875411919657707794958199867
1 141693817714056513234709965875411919657707794958199868
1 141693817714056513234709965875411919657707794958199866
1 229265413057075367692743352179590077832064383222590237
1 229265413057075367692743352179590077832064383222590238
1 229265413057075367692743352179590077832064383222590236
1 370959230771131880927453318055001997489772178180790104
1 370959230771131880927453318055001997489772178180790105
1 370959230771131880927453318055001997489772178180790103
1 600224643828207248620196670234592075321836561403380341
1 600224643828207248620196670234592075321836561403380342
1 600224643828207248620196670234592075321836561403380340
1 971183874599339129547649988289594072811608739584170445
1 971183874599339129547649988289594072811608739584170446
1 971183874599339129547649988289594072811608739584170444
1 1571408518427546378167846658524186148133445300987550786
1 1571408518427546378167846658524186148133445300987550787
1 1571408518427546378167846658524186148133445300987550785
1 2542592393026885507715496646813780220945054040571721231
1 2542592393026885507715496646813780220945054040571721232
1 2542592393026885507715496646813780220945054040571721230
1 4114000911454431885883343305337966369078499341559272017
1 4114000911454431885883343305337966369078499341559272018
1 4114000911454431885883343305337966369078499341559272016
1 6656593304481317393598839952151746590023553382130993248
1 6656593304481317393598839952151746590023553382130993249
1 6656593304481317393598839952151746590023553382130993247
1 10770594215935749279482183257489712959102052723690265265
1 10770594215935749279482183257489712959102052723690265266
1 10770594215935749279482183257489712959102052723690265264
1 17427187520417066673081023209641459549125606105821258513
1 17427187520417066673081023209641459549125606105821258514
1 17427187520417066673081023209641459549125606105821258512
1 28197781736352815952563206467131172508227658829511523778
1 28197781736352815952563206467131172508227658829511523779
1 28197781736352815952563206467131172508227658829511523777
1 45624969256769882625644229676772632057353264935332782291
1 45624969256769882625644229676772632057353264935332782292
1 45624969256769882625644229676772632057353264935332782290
1 73822750993122698578207436143903804565580923764844306069
1 73822750993122698578207436143903804565580923764844306070
1 73822750993122698578207436143903804565580923764844306068
1 119447720249892581203851665820676436622934188700177088360
1 119447720249892581203851665820676436622934188700177088361
1 119447720249892581203851665820676436622934188700177088359
1 193270471243015279782059101964580241188515112465021394429
1 193270471243015279782059101964580241188515112465021394430
1 193270471243015279782059101964580241188515112465021394428
1 312718191492907860985910767785256677811449301165198482789
1 312718191492907860985910767785256677811449301165198482790
1 312718191492907860985910767785256677811449301165198482788
1 505988662735923140767969869749836918999964413630219877218
1 505988662735923140767969869749836918999964413630219877219
1 505988662735923140767969869749836918999964413630219877217
1 818706854228831001753880637535093596811413714795418360007
1 818706854228831001753880637535093596811413714795418360008
1 818706854228831001753880637535093596811413714795418360006
1 1324695516964754142521850507284930515811378128425638237225
1 1324695516964754142521850507284930515811378128425638237226
1 1324695516964754142521850507284930515811378128425638237224
1 2143402371193585144275731144820024112622791843221056597232
1 2143402371193585144275731144820024112622791843221056597233
1 2143402371193585144275731144820024112622791843221056597231
1 3468097888158339286797581652104954628434169971646694834457
1 3468097888158339286797581652104954628434169971646694834458
1 3468097888158339286797581652104954628434169971646694834456
1 5611500259351924431073312796924978741056961814867751431689
1 5611500259351924431073312796924978741056961814867751431690
1 5611500259351924431073312796924978741056961814867751431688
1 9079598147510263717870894449029933369491131786514446266146
1 9079598147510263717870894449029933369491131786514446266147
1 9079598147510263717870894449029933369491131786514446266145
1 14691098406862188148944207245954912110548093601382197697835
1 14691098406862188148944207245954912110548093601382197697836
1 14691098406862188148944207245954912110548093601382197697834
1 23770696554372451866815101694984845480039225387896643963981
1 23770696554372451866815101694984845480039225387896643963982
1 23770696554372451866815101694984845480039225387896643963980
1 38461794961234640015759308940939757590587318989278841661816
1 38461794961234640015759308940939757590587318989278841661817
1 38461794961234640015759308940939757590587318989278841661815
1 62232491515607091882574410635924603070626544377175485625797
1 62232491515607091882574410635924603070626544377175485625798
1 62232491515607091882574410635924603070626544377175485625796
1 100694286476841731898333719576864360661213863366454327287613
1 100694286476841731898333719576864360661213863366454327287614
1 100694286476841731898333719576864360661213863366454327287612
1 162926777992448823780908130212788963731840407743629812913410
1 162926777992448823780908130212788963731840407743629812913411
1 162926777992448823780908130212788963731840407743629812913409
1 263621064469290555679241849789653324393054271110084140201023
1 263621064469290555679241849789653324393054271110084140201024
1 263621064469290555679241849789653324393054271110084140201022
1 426547842461739379460149980002442288124894678853713953114433
1 426547842461739379460149980002442288124894678853713953114434
1 426547842461739379460149980002442288124894678853713953114432
1 690168906931029935139391829792095612517948949963798093315456
1 690168906931029935139391829792095612517948949963798093315457
1 690168906931029935139391829792095612517948949963798093315455
1 1116716749392769314599541809794537900642843628817512046429889
1 1116716749392769314599541809794537900642843628817512046429890
1 1116716749392769314599541809794537900642843628817512046429888
1 1806885656323799249738933639586633513160792578781310139745345
1 1806885656323799249738933639586633513160792578781310139745346
1 1806885656323799249738933639586633513160792578781310139745344
1 2923602405716568564338475449381171413803636207598822186175234
1 2923602405716568564338475449381171413803636207598822186175235
1 2923602405716568564338475449381171413803636207598822186175233
1 4730488062040367814077409088967804926964428786380132325920579
1 4730488062040367814077409088967804926964428786380132325920580
1 4730488062040367814077409088967804926964428786380132325920578
1 7654090467756936378415884538348976340768064993978954512095813
1 7654090467756936378415884538348976340768064993978954512095814
1 7654090467756936378415884538348976340768064993978954512095812
1 12384578529797304192493293627316781267732493780359086838016392
1 12384578529797304192493293627316781267732493780359086838016393
1 12384578529797304192493293627316781267732493780359086838016391
1 20038668997554240570909178165665757608500558774338041350112205
1 20038668997554240570909178165665757608500558774338041350112206
1 20038668997554240570909178165665757608500558774338041350112204
1 32423247527351544763402471792982538876233052554697128188128597
1 32423247527351544763402471792982538876233052554697128188128598
1 32423247527351544763402471792982538876233052554697128188128596
1 52461916524905785334311649958648296484733611329035169538240802
1 52461916524905785334311649958648296484733611329035169538240803
1 52461916524905785334311649958648296484733611329035169538240801
1 84885164052257330097714121751630835360966663883732297726369399
1 84885164052257330097714121751630835360966663883732297726369400
1 84885164052257330097714121751630835360966663883732297726369398
1 137347080577163115432025771710279131845700275212767467264610201
1 137347080577163115432025771710279131845700275212767467264610202
1 137347080577163115432025771710279131845700275212767467264610200
1 222232244629420445529739893461909967206666939096499764990979600
1 222232244629420445529739893461909967206666939096499764990979601
1 222232244629420445529739893461909967206666939096499764990979599
1 359579325206583560961765665172189099052367214309267232255589801
1 359579325206583560961765665172189099052367214309267232255589802
1 359579325206583560961765665172189099052367214309267232255589800
1 581811569836004006491505558634099066259034153405766997246569401
1 581811569836004006491505558634099066259034153405766997246569402
1 581811569836004006491505558634099066259034153405766997246569400
1 941390895042587567453271223806288165311401367715034229502159202
1 941390895042587567453271223806288165311401367715034229502159203
1 941390895042587567453271223806288165311401367715034229502159201
1 1523202464878591573944776782440387231570435521120801226748728603
1 1523202464878591573944776782440387231570435521120801226748728604
1 1523202464878591573944776782440387231570435521120801226748728602
1 2464593359921179141398048006246675396881836888835835456250887805
1 2464593359921179141398048006246675396881836888835835456250887806
1 2464593359921179141398048006246675396881836888835835456250887804
1 3987795824799770715342824788687062628452272409956636682999616408
1 3987795824799770715342824788687062628452272409956636682999616409
1 3987795824799770715342824788687062628452272409956636682999616407
1 6452389184720949856740872794933738025334109298792472139250504213
1 6452389184720949856740872794933738025334109298792472139250504214
1 6452389184720949856740872794933738025334109298792472139250504212
1 10440185009520720572083697583620800653786381708749108822250120621
1 10440185009520720572083697583620800653786381708749108822250120622
1 10440185009520720572083697583620800653786381708749108822250120620
1 16892574194241670428824570378554538679120491007541580961500624834
1 16892574194241670428824570378554538679120491007541580961500624835
1 16892574194241670428824570378554538679120491007541580961500624833
1 27332759203762391000908267962175339332906872716290689783750745455
1 27332759203762391000908267962175339332906872716290689783750745456
1 27332759203762391000908267962175339332906872716290689783750745454
1 44225333398004061429732838340729878012027363723832270745251370289
1 44225333398004061429732838340729878012027363723832270745251370290
1 44225333398004061429732838340729878012027363723832270745251370288
1 71558092601766452430641106302905217344934236440122960529002115744
1 71558092601766452430641106302905217344934236440122960529002115745
1 71558092601766452430641106302905217344934236440122960529002115743
1 115783425999770513860373944643635095356961600163955231274253486033
1 115783425999770513860373944643635095356961600163955231274253486034
1 115783425999770513860373944643635095356961600163955231274253486032
1 187341518601536966291015050946540312701895836604078191803255601777
1 187341518601536966291015050946540312701895836604078191803255601778
1 187341518601536966291015050946540312701895836604078191803255601776
1 303124944601307480151388995590175408058857436768033423077509087810
1 303124944601307480151388995590175408058857436768033423077509087811
1 303124944601307480151388995590175408058857436768033423077509087809
1 490466463202844446442404046536715720760753273372111614880764689587
1 490466463202844446442404046536715720760753273372111614880764689588
1 490466463202844446442404046536715720760753273372111614880764689586
1 793591407804151926593793042126891128819610710140145037958273777397
1 793591407804151926593793042126891128819610710140145037958273777398
1 793591407804151926593793042126891128819610710140145037958273777396
1 1284057871006996373036197088663606849580363983512256652839038466984
1 1284057871006996373036197088663606849580363983512256652839038466985
1 1284057871006996373036197088663606849580363983512256652839038466983
1 2077649278811148299629990130790497978399974693652401690797312244381
1 2077649278811148299629990130790497978399974693652401690797312244382
1 2077649278811148299629990130790497978399974693652401690797312244380
1 3361707149818144672666187219454104827980338677164658343636350711365
1 3361707149818144672666187219454104827980338677164658343636350711366
1 3361707149818144672666187219454104827980338677164658343636350711364
1 5439356428629292972296177350244602806380313370817060034433662955746
1 5439356428629292972296177350244602806380313370817060034433662955747
1 5439356428629292972296177350244602806380313370817060034433662955745
1 8801063578447437644962364569698707634360652047981718378070013667111
1 8801063578447437644962364569698707634360652047981718378070013667112
1 8801063578447437644962364569698707634360652047981718378070013667110
1 14240420007076730617258541919943310440740965418798778412503676622857
1 14240420007076730617258541919943310440740965418798778412503676622858
1 14240420007076730617258541919943310440740965418798778412503676622856
1 23041483585524168262220906489642018075101617466780496790573690289968
1 23041483585524168262220906489642018075101617466780496790573690289969
1 23041483585524168262220906489642018075101617466780496790573690289967
1 37281903592600898879479448409585328515842582885579275203077366912825
1 37281903592600898879479448409585328515842582885579275203077366912826
1 37281903592600898879479448409585328515842582885579275203077366912824
1 60323387178125067141700354899227346590944200352359771993651057202793
1 60323387178125067141700354899227346590944200352359771993651057202794
1 60323387178125067141700354899227346590944200352359771993651057202792
1 97605290770725966021179803308812675106786783237939047196728424115618
1 97605290770725966021179803308812675106786783237939047196728424115619
1 97605290770725966021179803308812675106786783237939047196728424115617
1 157928677948851033162880158208040021697730983590298819190379481318411
1 157928677948851033162880158208040021697730983590298819190379481318412
1 157928677948851033162880158208040021697730983590298819190379481318410
1 255533968719576999184059961516852696804517766828237866387107905434029
1 255533968719576999184059961516852696804517766828237866387107905434030
1 255533968719576999184059961516852696804517766828237866387107905434028
1 413462646668428032346940119724892718502248750418536685577487386752440
1 413462646668428032346940119724892718502248750418536685577487386752441
1 413462646668428032346940119724892718502248750418536685577487386752439
1 668996615388005031531000081241745415306766517246774551964595292186469
1 668996615388005031531000081241745415306766517246774551964595292186470
1 668996615388005031531000081241745415306766517246774551964595292186468
1 1082459262056433063877940200966638133809015267665311237542082678938909
1 1082459262056433063877940200966638133809015267665311237542082678938910
1 1082459262056433063877940200966638133809015267665311237542082678938908
1 1751455877444438095408940282208383549115781784912085789506677971125378
1 1751455877444438095408940282208383549115781784912085789506677971125379
1 1751455877444438095408940282208383549115781784912085789506677971125377
1 2833915139500871159286880483175021682924797052577397027048760650064287
1 2833915139500871159286880483175021682924797052577397027048760650064288
1 2833915139500871159286880483175021682924797052577397027048760650064286
1 4585371016945309254695820765383405232040578837489482816555438621189665
1 4585371016945309254695820765383405232040578837489482816555438621189666
1 4585371016945309254695820765383405232040578837489482816555438621189664
1 7419286156446180413982701248558426914965375890066879843604199271253952
1 7419286156446180413982701248558426914965375890066879843604199271253953
1 7419286156446180413982701248558426914965375890066879843604199271253951
1 12004657173391489668678522013941832147005954727556362660159637892443617
1 12004657173391489668678522013941832147005954727556362660159637892443618
1 12004657173391489668678522013941832147005954727556362660159637892443616
1 19423943329837670082661223262500259061971330617623242503763837163697569
1 19423943329837670082661223262500259061971330617623242503763837163697570
1 19423943329837670082661223262500259061971330617623242503763837163697568
1 31428600503229159751339745276442091208977285345179605163923475056141186
1 31428600503229159751339745276442091208977285345179605163923475056141187
1 31428600503229159751339745276442091208977285345179605163923475056141185
1 50852543833066829834000968538942350270948615962802847667687312219838755
1 50852543833066829834000968538942350270948615962802847667687312219838756
1 50852543833066829834000968538942350270948615962802847667687312219838754
1 82281144336295989585340713815384441479925901307982452831610787275979941
1 82281144336295989585340713815384441479925901307982452831610787275979942
1 82281144336295989585340713815384441479925901307982452831610787275979940
1 133133688169362819419341682354326791750874517270785300499298099495818696
1 133133688169362819419341682354326791750874517270785300499298099495818697
1 133133688169362819419341682354326791750874517270785300499298099495818695
1 215414832505658809004682396169711233230800418578767753330908886771798637
1 215414832505658809004682396169711233230800418578767753330908886771798638
1 215414832505658809004682396169711233230800418578767753330908886771798636
1 348548520675021628424024078524038024981674935849553053830206986267617333
1 348548520675021628424024078524038024981674935849553053830206986267617334
1 348548520675021628424024078524038024981674935849553053830206986267617332
1 563963353180680437428706474693749258212475354428320807161115873039415970
1 563963353180680437428706474693749258212475354428320807161115873039415971
1 563963353180680437428706474693749258212475354428320807161115873039415969
1 912511873855702065852730553217787283194150290277873860991322859307033303
1 912511873855702065852730553217787283194150290277873860991322859307033304
1 912511873855702065852730553217787283194150290277873860991322859307033302
1 1476475227036382503281437027911536541406625644706194668152438732346449273
1 1476475227036382503281437027911536541406625644706194668152438732346449274
1 1476475227036382503281437027911536541406625644706194668152438732346449272
1 2388987100892084569134167581129323824600775934984068529143761591653482576
1 2388987100892084569134167581129323824600775934984068529143761591653482577
1 2388987100892084569134167581129323824600775934984068529143761591653482575
1 3865462327928467072415604609040860366007401579690263197296200323999931849
1 3865462327928467072415604609040860366007401579690263197296200323999931850
1 3865462327928467072415604609040860366007401579690263197296200323999931848
1 6254449428820551641549772190170184190608177514674331726439961915653414425
1 6254449428820551641549772190170184190608177514674331726439961915653414426
1 6254449428820551641549772190170184190608177514674331726439961915653414424
1 10119911756749018713965376799211044556615579094364594923736162239653346274
1 10119911756749018713965376799211044556615579094364594923736162239653346275
1 10119911756749018713965376799211044556615579094364594923736162239653346273
1 16374361185569570355515148989381228747223756609038926650176124155306760699
1 16374361185569570355515148989381228747223756609038926650176124155306760700
1 16374361185569570355515148989381228747223756609038926650176124155306760698
1 26494272942318589069480525788592273303839335703403521573912286394960106973
1 26494272942318589069480525788592273303839335703403521573912286394960106974
1 26494272942318589069480525788592273303839335703403521573912286394960106972
1 42868634127888159424995674777973502051063092312442448224088410550266867672
1 42868634127888159424995674777973502051063092312442448224088410550266867673
1 42868634127888159424995674777973502051063092312442448224088410550266867671
1 69362907070206748494476200566565775354902428015845969798000696945226974645
1 69362907070206748494476200566565775354902428015845969798000696945226974646
1 69362907070206748494476200566565775354902428015845969798000696945226974644
1 112231541198094907919471875344539277405965520328288418022089107495493842317
1 112231541198094907919471875344539277405965520328288418022089107495493842318
1 112231541198094907919471875344539277405965520328288418022089107495493842316
1 181594448268301656413948075911105052760867948344134387820089804440720816962
1 181594448268301656413948075911105052760867948344134387820089804440720816963
1 181594448268301656413948075911105052760867948344134387820089804440720816961
1 293825989466396564333419951255644330166833468672422805842178911936214659279
1 293825989466396564333419951255644330166833468672422805842178911936214659280
1 293825989466396564333419951255644330166833468672422805842178911936214659278
1 475420437734698220747368027166749382927701417016557193662268716376935476241
1 475420437734698220747368027166749382927701417016557193662268716376935476242
1 475420437734698220747368027166749382927701417016557193662268716376935476240
1 769246427201094785080787978422393713094534885688979999504447628313150135520
1 769246427201094785080787978422393713094534885688979999504447628313150135521
1 769246427201094785080787978422393713094534885688979999504447628313150135519
1 1244666864935793005828156005589143096022236302705537193166716344690085611761
1 1244666864935793005828156005589143096022236302705537193166716344690085611762
1 1244666864935793005828156005589143096022236302705537193166716344690085611760
1 2013913292136887790908943984011536809116771188394517192671163973003235747281
1 2013913292136887790908943984011536809116771188394517192671163973003235747282
1 2013913292136887790908943984011536809116771188394517192671163973003235747280
1 3258580157072680796737099989600679905139007491100054385837880317693321359042
1 3258580157072680796737099989600679905139007491100054385837880317693321359043
1 3258580157072680796737099989600679905139007491100054385837880317693321359041
1 5272493449209568587646043973612216714255778679494571578509044290696557106323
1 5272493449209568587646043973612216714255778679494571578509044290696557106324
1 5272493449209568587646043973612216714255778679494571578509044290696557106322
1 8531073606282249384383143963212896619394786170594625964346924608389878465365
1 8531073606282249384383143963212896619394786170594625964346924608389878465366
1 8531073606282249384383143963212896619394786170594625964346924608389878465364
1 13803567055491817972029187936825113333650564850089197542855968899086435571688
1 13803567055491817972029187936825113333650564850089197542855968899086435571689
1 13803567055491817972029187936825113333650564850089197542855968899086435571687
1 22334640661774067356412331900038009953045351020683823507202893507476314037053
1 22334640661774067356412331900038009953045351020683823507202893507476314037054
1 22334640661774067356412331900038009953045351020683823507202893507476314037052
1 36138207717265885328441519836863123286695915870773021050058862406562749608741
1 36138207717265885328441519836863123286695915870773021050058862406562749608742
1 36138207717265885328441519836863123286695915870773021050058862406562749608740
1 58472848379039952684853851736901133239741266891456844557261755914039063645794
1 58472848379039952684853851736901133239741266891456844557261755914039063645795
1 58472848379039952684853851736901133239741266891456844557261755914039063645793
1 94611056096305838013295371573764256526437182762229865607320618320601813254535
1 94611056096305838013295371573764256526437182762229865607320618320601813254536
1 94611056096305838013295371573764256526437182762229865607320618320601813254534
1 153083904475345790698149223310665389766178449653686710164582374234640876900329
1 153083904475345790698149223310665389766178449653686710164582374234640876900330
1 153083904475345790698149223310665389766178449653686710164582374234640876900328
1 247694960571651628711444594884429646292615632415916575771902992555242690154864
1 247694960571651628711444594884429646292615632415916575771902992555242690154865
1 247694960571651628711444594884429646292615632415916575771902992555242690154863
1 400778865046997419409593818195095036058794082069603285936485366789883567055193
1 400778865046997419409593818195095036058794082069603285936485366789883567055194
1 400778865046997419409593818195095036058794082069603285936485366789883567055192
1 648473825618649048121038413079524682351409714485519861708388359345126257210057
1 648473825618649048121038413079524682351409714485519861708388359345126257210058
1 648473825618649048121038413079524682351409714485519861708388359345126257210056
1 1049252690665646467530632231274619718410203796555123147644873726135009824265250
1 1049252690665646467530632231274619718410203796555123147644873726135009824265251
1 1049252690665646467530632231274619718410203796555123147644873726135009824265249
1 1697726516284295515651670644354144400761613511040643009353262085480136081475307
1 1697726516284295515651670644354144400761613511040643009353262085480136081475308
1 1697726516284295515651670644354144400761613511040643009353262085480136081475306
1 2746979206949941983182302875628764119171817307595766156998135811615145905740557
1 2746979206949941983182302875628764119171817307595766156998135811615145905740558
1 2746979206949941983182302875628764119171817307595766156998135811615145905740556
1 4444705723234237498833973519982908519933430818636409166351397897095281987215864
1 4444705723234237498833973519982908519933430818636409166351397897095281987215865
1 4444705723234237498833973519982908519933430818636409166351397897095281987215863
1 7191684930184179482016276395611672639105248126232175323349533708710427892956421
1 7191684930184179482016276395611672639105248126232175323349533708710427892956422
1 7191684930184179482016276395611672639105248126232175323349533708710427892956420
1 11636390653418416980850249915594581159038678944868584489700931605805709880172285
1 11636390653418416980850249915594581159038678944868584489700931605805709880172286
1 11636390653418416980850249915594581159038678944868584489700931605805709880172284
1 18828075583602596462866526311206253798143927071100759813050465314516137773128706
1 18828075583602596462866526311206253798143927071100759813050465314516137773128707
1 18828075583602596462866526311206253798143927071100759813050465314516137773128705
1 30464466237021013443716776226800834957182606015969344302751396920321847653300991
1 30464466237021013443716776226800834957182606015969344302751396920321847653300992
1 30464466237021013443716776226800834957182606015969344302751396920321847653300990
1 49292541820623609906583302538007088755326533087070104115801862234837985426429697
1 49292541820623609906583302538007088755326533087070104115801862234837985426429698
1 49292541820623609906583302538007088755326533087070104115801862234837985426429696
1 79757008057644623350300078764807923712509139103039448418553259155159833079730688
1 79757008057644623350300078764807923712509139103039448418553259155159833079730689
1 79757008057644623350300078764807923712509139103039448418553259155159833079730687
1 129049549878268233256883381302815012467835672190109552534355121389997818506160385
1 129049549878268233256883381302815012467835672190109552534355121389997818506160386
1 129049549878268233256883381302815012467835672190109552534355121389997818506160384
1 208806557935912856607183460067622936180344811293149000952908380545157651585891073
1 208806557935912856607183460067622936180344811293149000952908380545157651585891074
1 208806557935912856607183460067622936180344811293149000952908380545157651585891072
1 337856107814181089864066841370437948648180483483258553487263501935155470092051458
1 337856107814181089864066841370437948648180483483258553487263501935155470092051459
1 337856107814181089864066841370437948648180483483258553487263501935155470092051457
1 546662665750093946471250301438060884828525294776407554440171882480313121677942531
1 546662665750093946471250301438060884828525294776407554440171882480313121677942532
1 546662665750093946471250301438060884828525294776407554440171882480313121677942530
1 884518773564275036335317142808498833476705778259666107927435384415468591769993989
1 884518773564275036335317142808498833476705778259666107927435384415468591769993990
1 884518773564275036335317142808498833476705778259666107927435384415468591769993988
1 1431181439314368982806567444246559718305231073036073662367607266895781713447936520
1 1431181439314368982806567444246559718305231073036073662367607266895781713447936521
1 1431181439314368982806567444246559718305231073036073662367607266895781713447936519
1 2315700212878644019141884587055058551781936851295739770295042651311250305217930509
1 2315700212878644019141884587055058551781936851295739770295042651311250305217930510
1 2315700212878644019141884587055058551781936851295739770295042651311250305217930508
1 3746881652193013001948452031301618270087167924331813432662649918207032018665867029
1 3746881652193013001948452031301618270087167924331813432662649918207032018665867030
1 3746881652193013001948452031301618270087167924331813432662649918207032018665867028
1 6062581865071657021090336618356676821869104775627553202957692569518282323883797538
1 6062581865071657021090336618356676821869104775627553202957692569518282323883797539
1 6062581865071657021090336618356676821869104775627553202957692569518282323883797537
1 9809463517264670023038788649658295091956272699959366635620342487725314342549664567
1 9809463517264670023038788649658295091956272699959366635620342487725314342549664568
1 9809463517264670023038788649658295091956272699959366635620342487725314342549664566
1 15872045382336327044129125268014971913825377475586919838578035057243596666433462105
1 15872045382336327044129125268014971913825377475586919838578035057243596666433462106
1 15872045382336327044129125268014971913825377475586919838578035057243596666433462104
1 25681508899600997067167913917673267005781650175546286474198377544968911008983126672
1 25681508899600997067167913917673267005781650175546286474198377544968911008983126673
1 25681508899600997067167913917673267005781650175546286474198377544968911008983126671
1 41553554281937324111297039185688238919607027651133206312776412602212507675416588777
1 41553554281937324111297039185688238919607027651133206312776412602212507675416588778
1 41553554281937324111297039185688238919607027651133206312776412602212507675416588776
1 67235063181538321178464953103361505925388677826679492786974790147181418684399715449
1 67235063181538321178464953103361505925388677826679492786974790147181418684399715450
1 67235063181538321178464953103361505925388677826679492786974790147181418684399715448
1 108788617463475645289761992289049744844995705477812699099751202749393926359816304226
1 108788617463475645289761992289049744844995705477812699099751202749393926359816304227
1 108788617463475645289761992289049744844995705477812699099751202749393926359816304225
1 176023680645013966468226945392411250770384383304492191886725992896575345044216019675
1 176023680645013966468226945392411250770384383304492191886725992896575345044216019676
1 176023680645013966468226945392411250770384383304492191886725992896575345044216019674
1 284812298108489611757988937681460995615380088782304890986477195645969271404032323901
1 284812298108489611757988937681460995615380088782304890986477195645969271404032323902
1 284812298108489611757988937681460995615380088782304890986477195645969271404032323900
1 460835978753503578226215883073872246385764472086797082873203188542544616448248343576
1 460835978753503578226215883073872246385764472086797082873203188542544616448248343577
1 460835978753503578226215883073872246385764472086797082873203188542544616448248343575
1 745648276861993189984204820755333242001144560869101973859680384188513887852280667477
1 745648276861993189984204820755333242001144560869101973859680384188513887852280667478
1 745648276861993189984204820755333242001144560869101973859680384188513887852280667476
1 1206484255615496768210420703829205488386909032955899056732883572731058504300529011053
1 1206484255615496768210420703829205488386909032955899056732883572731058504300529011054
1 1206484255615496768210420703829205488386909032955899056732883572731058504300529011052
1 1952132532477489958194625524584538730388053593825001030592563956919572392152809678530
1 1952132532477489958194625524584538730388053593825001030592563956919572392152809678531
1 1952132532477489958194625524584538730388053593825001030592563956919572392152809678529
1 3158616788092986726405046228413744218774962626780900087325447529650630896453338689583
1 3158616788092986726405046228413744218774962626780900087325447529650630896453338689584
1 3158616788092986726405046228413744218774962626780900087325447529650630896453338689582
1 5110749320570476684599671752998282949163016220605901117918011486570203288606148368113
1 5110749320570476684599671752998282949163016220605901117918011486570203288606148368114
1 5110749320570476684599671752998282949163016220605901117918011486570203288606148368112
1 8269366108663463411004717981412027167937978847386801205243459016220834185059487057696
1 8269366108663463411004717981412027167937978847386801205243459016220834185059487057697
1 8269366108663463411004717981412027167937978847386801205243459016220834185059487057695
1 13380115429233940095604389734410310117100995067992702323161470502791037473665635425809
1 13380115429233940095604389734410310117100995067992702323161470502791037473665635425810
1 13380115429233940095604389734410310117100995067992702323161470502791037473665635425808
1 21649481537897403506609107715822337285038973915379503528404929519011871658725122483505
1 21649481537897403506609107715822337285038973915379503528404929519011871658725122483506
1 21649481537897403506609107715822337285038973915379503528404929519011871658725122483504
1 35029596967131343602213497450232647402139968983372205851566400021802909132390757909314
1 35029596967131343602213497450232647402139968983372205851566400021802909132390757909315
1 35029596967131343602213497450232647402139968983372205851566400021802909132390757909313
1 56679078505028747108822605166054984687178942898751709379971329540814780791115880392819
1 56679078505028747108822605166054984687178942898751709379971329540814780791115880392820
1 56679078505028747108822605166054984687178942898751709379971329540814780791115880392818
1 91708675472160090711036102616287632089318911882123915231537729562617689923506638302133
1 91708675472160090711036102616287632089318911882123915231537729562617689923506638302134
1 91708675472160090711036102616287632089318911882123915231537729562617689923506638302132
1 148387753977188837819858707782342616776497854780875624611509059103432470714622518694952
1 148387753977188837819858707782342616776497854780875624611509059103432470714622518694953
1 148387753977188837819858707782342616776497854780875624611509059103432470714622518694951
1 240096429449348928530894810398630248865816766662999539843046788666050160638129156997085
1 240096429449348928530894810398630248865816766662999539843046788666050160638129156997086
1 240096429449348928530894810398630248865816766662999539843046788666050160638129156997084
1 388484183426537766350753518180972865642314621443875164454555847769482631352751675692037
1 388484183426537766350753518180972865642314621443875164454555847769482631352751675692038
1 388484183426537766350753518180972865642314621443875164454555847769482631352751675692036
1 628580612875886694881648328579603114508131388106874704297602636435532791990880832689122
1 628580612875886694881648328579603114508131388106874704297602636435532791990880832689123
1 628580612875886694881648328579603114508131388106874704297602636435532791990880832689121
1 1017064796302424461232401846760575980150446009550749868752158484205015423343632508381159
1 1017064796302424461232401846760575980150446009550749868752158484205015423343632508381160
1 1017064796302424461232401846760575980150446009550749868752158484205015423343632508381158
1 1645645409178311156114050175340179094658577397657624573049761120640548215334513341070281
1 1645645409178311156114050175340179094658577397657624573049761120640548215334513341070282
1 1645645409178311156114050175340179094658577397657624573049761120640548215334513341070280
1 2662710205480735617346452022100755074809023407208374441801919604845563638678145849451440
1 2662710205480735617346452022100755074809023407208374441801919604845563638678145849451441
1 2662710205480735617346452022100755074809023407208374441801919604845563638678145849451439
1 4308355614659046773460502197440934169467600804865999014851680725486111854012659190521721
1 4308355614659046773460502197440934169467600804865999014851680725486111854012659190521722
1 4308355614659046773460502197440934169467600804865999014851680725486111854012659190521720
1 6971065820139782390806954219541689244276624212074373456653600330331675492690805039973161
1 6971065820139782390806954219541689244276624212074373456653600330331675492690805039973162
1 6971065820139782390806954219541689244276624212074373456653600330331675492690805039973160
1 11279421434798829164267456416982623413744225016940372471505281055817787346703464230494882
1 11279421434798829164267456416982623413744225016940372471505281055817787346703464230494883
1 11279421434798829164267456416982623413744225016940372471505281055817787346703464230494881
1 18250487254938611555074410636524312658020849229014745928158881386149462839394269270468043
1 18250487254938611555074410636524312658020849229014745928158881386149462839394269270468044
1 18250487254938611555074410636524312658020849229014745928158881386149462839394269270468042
1 29529908689737440719341867053506936071765074245955118399664162441967250186097733500962925
1 29529908689737440719341867053506936071765074245955118399664162441967250186097733500962926
1 29529908689737440719341867053506936071765074245955118399664162441967250186097733500962924
1 47780395944676052274416277690031248729785923474969864327823043828116713025492002771430968
1 47780395944676052274416277690031248729785923474969864327823043828116713025492002771430969
1 47780395944676052274416277690031248729785923474969864327823043828116713025492002771430967
1 77310304634413492993758144743538184801550997720924982727487206270083963211589736272393893
1 77310304634413492993758144743538184801550997720924982727487206270083963211589736272393894
1 77310304634413492993758144743538184801550997720924982727487206270083963211589736272393892
1 125090700579089545268174422433569433531336921195894847055310250098200676237081739043824861
1 125090700579089545268174422433569433531336921195894847055310250098200676237081739043824862
1 125090700579089545268174422433569433531336921195894847055310250098200676237081739043824860
1 202401005213503038261932567177107618332887918916819829782797456368284639448671475316218754
1 202401005213503038261932567177107618332887918916819829782797456368284639448671475316218755
1 202401005213503038261932567177107618332887918916819829782797456368284639448671475316218753
1 327491705792592583530106989610677051864224840112714676838107706466485315685753214360043615
1 327491705792592583530106989610677051864224840112714676838107706466485315685753214360043616
1 327491705792592583530106989610677051864224840112714676838107706466485315685753214360043614
1 529892711006095621792039556787784670197112759029534506620905162834769955134424689676262369
1 529892711006095621792039556787784670197112759029534506620905162834769955134424689676262370
1 529892711006095621792039556787784670197112759029534506620905162834769955134424689676262368
1 857384416798688205322146546398461722061337599142249183459012869301255270820177904036305984
1 857384416798688205322146546398461722061337599142249183459012869301255270820177904036305985
1 857384416798688205322146546398461722061337599142249183459012869301255270820177904036305983
1 1387277127804783827114186103186246392258450358171783690079918032136025225954602593712568353
1 1387277127804783827114186103186246392258450358171783690079918032136025225954602593712568354
1 1387277127804783827114186103186246392258450358171783690079918032136025225954602593712568352
1 2244661544603472032436332649584708114319787957314032873538930901437280496774780497748874337
1 2244661544603472032436332649584708114319787957314032873538930901437280496774780497748874338
1 2244661544603472032436332649584708114319787957314032873538930901437280496774780497748874336
1 3631938672408255859550518752770954506578238315485816563618848933573305722729383091461442690
1 3631938672408255859550518752770954506578238315485816563618848933573305722729383091461442691
1 3631938672408255859550518752770954506578238315485816563618848933573305722729383091461442689
1 5876600217011727891986851402355662620898026272799849437157779835010586219504163589210317027
1 5876600217011727891986851402355662620898026272799849437157779835010586219504163589210317028
1 5876600217011727891986851402355662620898026272799849437157779835010586219504163589210317026
1 9508538889419983751537370155126617127476264588285666000776628768583891942233546680671759717
1 9508538889419983751537370155126617127476264588285666000776628768583891942233546680671759718
1 9508538889419983751537370155126617127476264588285666000776628768583891942233546680671759716
1 15385139106431711643524221557482279748374290861085515437934408603594478161737710269882076744
1 15385139106431711643524221557482279748374290861085515437934408603594478161737710269882076745
1 15385139106431711643524221557482279748374290861085515437934408603594478161737710269882076743
1 24893677995851695395061591712608896875850555449371181438711037372178370103971256950553836461
1 24893677995851695395061591712608896875850555449371181438711037372178370103971256950553836462
1 24893677995851695395061591712608896875850555449371181438711037372178370103971256950553836460
1 40278817102283407038585813270091176624224846310456696876645445975772848265708967220435913205
1 40278817102283407038585813270091176624224846310456696876645445975772848265708967220435913206
1 40278817102283407038585813270091176624224846310456696876645445975772848265708967220435913204
1 65172495098135102433647404982700073500075401759827878315356483347951218369680224170989749666
1 65172495098135102433647404982700073500075401759827878315356483347951218369680224170989749667
1 65172495098135102433647404982700073500075401759827878315356483347951218369680224170989749665
1 105451312200418509472233218252791250124300248070284575192001929323724066635389191391425662871
1 105451312200418509472233218252791250124300248070284575192001929323724066635389191391425662872
1 105451312200418509472233218252791250124300248070284575192001929323724066635389191391425662870
1 170623807298553611905880623235491323624375649830112453507358412671675285005069415562415412537
1 170623807298553611905880623235491323624375649830112453507358412671675285005069415562415412538
1 170623807298553611905880623235491323624375649830112453507358412671675285005069415562415412536
1 276075119498972121378113841488282573748675897900397028699360341995399351640458606953841075408
1 276075119498972121378113841488282573748675897900397028699360341995399351640458606953841075409
1 276075119498972121378113841488282573748675897900397028699360341995399351640458606953841075407
1 446698926797525733283994464723773897373051547730509482206718754667074636645528022516256487945
1 446698926797525733283994464723773897373051547730509482206718754667074636645528022516256487946
1 446698926797525733283994464723773897373051547730509482206718754667074636645528022516256487944
1 722774046296497854662108306212056471121727445630906510906079096662473988285986629470097563353
1 722774046296497854662108306212056471121727445630906510906079096662473988285986629470097563354
1 722774046296497854662108306212056471121727445630906510906079096662473988285986629470097563352
1 1169472973094023587946102770935830368494778993361415993112797851329548624931514651986354051298
1 1169472973094023587946102770935830368494778993361415993112797851329548624931514651986354051299
1 1169472973094023587946102770935830368494778993361415993112797851329548624931514651986354051297
1 1892247019390521442608211077147886839616506438992322504018876947992022613217501281456451614651
1 1892247019390521442608211077147886839616506438992322504018876947992022613217501281456451614652
1 1892247019390521442608211077147886839616506438992322504018876947992022613217501281456451614650
1 3061719992484545030554313848083717208111285432353738497131674799321571238149015933442805665949
1 3061719992484545030554313848083717208111285432353738497131674799321571238149015933442805665950
1 3061719992484545030554313848083717208111285432353738497131674799321571238149015933442805665948
1 4953967011875066473162524925231604047727791871346061001150551747313593851366517214899257280600
1 4953967011875066473162524925231604047727791871346061001150551747313593851366517214899257280601
1 4953967011875066473162524925231604047727791871346061001150551747313593851366517214899257280599
1 8015687004359611503716838773315321255839077303699799498282226546635165089515533148342062946549
1 8015687004359611503716838773315321255839077303699799498282226546635165089515533148342062946550
1 8015687004359611503716838773315321255839077303699799498282226546635165089515533148342062946548
1 12969654016234677976879363698546925303566869175045860499432778293948758940882050363241320227149
1 12969654016234677976879363698546925303566869175045860499432778293948758940882050363241320227150
1 12969654016234677976879363698546925303566869175045860499432778293948758940882050363241320227148
1 20985341020594289480596202471862246559405946478745659997715004840583924030397583511583383173698
1 20985341020594289480596202471862246559405946478745659997715004840583924030397583511583383173699
1 20985341020594289480596202471862246559405946478745659997715004840583924030397583511583383173697
1 33954995036828967457475566170409171862972815653791520497147783134532682971279633874824703400847
1 33954995036828967457475566170409171862972815653791520497147783134532682971279633874824703400848
1 33954995036828967457475566170409171862972815653791520497147783134532682971279633874824703400846
1 54940336057423256938071768642271418422378762132537180494862787975116607001677217386408086574545
1 54940336057423256938071768642271418422378762132537180494862787975116607001677217386408086574546
1 54940336057423256938071768642271418422378762132537180494862787975116607001677217386408086574544
1 88895331094252224395547334812680590285351577786328700992010571109649289972956851261232789975392
1 88895331094252224395547334812680590285351577786328700992010571109649289972956851261232789975393
1 88895331094252224395547334812680590285351577786328700992010571109649289972956851261232789975391
1 143835667151675481333619103454952008707730339918865881486873359084765896974634068647640876549937
1 143835667151675481333619103454952008707730339918865881486873359084765896974634068647640876549938
1 143835667151675481333619103454952008707730339918865881486873359084765896974634068647640876549936
1 232730998245927705729166438267632598993081917705194582478883930194415186947590919908873666525329
1 232730998245927705729166438267632598993081917705194582478883930194415186947590919908873666525330
1 232730998245927705729166438267632598993081917705194582478883930194415186947590919908873666525328
1 376566665397603187062785541722584607700812257624060463965757289279181083922224988556514543075266
1 376566665397603187062785541722584607700812257624060463965757289279181083922224988556514543075267
1 376566665397603187062785541722584607700812257624060463965757289279181083922224988556514543075265
1 609297663643530892791951979990217206693894175329255046444641219473596270869815908465388209600595
1 609297663643530892791951979990217206693894175329255046444641219473596270869815908465388209600596
1 609297663643530892791951979990217206693894175329255046444641219473596270869815908465388209600594
1 985864329041134079854737521712801814394706432953315510410398508752777354792040897021902752675861
1 985864329041134079854737521712801814394706432953315510410398508752777354792040897021902752675862
1 985864329041134079854737521712801814394706432953315510410398508752777354792040897021902752675860
1 1595161992684664972646689501703019021088600608282570556855039728226373625661856805487290962276456
1 1595161992684664972646689501703019021088600608282570556855039728226373625661856805487290962276457
1 1595161992684664972646689501703019021088600608282570556855039728226373625661856805487290962276455
1 2581026321725799052501427023415820835483307041235886067265438236979150980453897702509193714952317
1 2581026321725799052501427023415820835483307041235886067265438236979150980453897702509193714952318
1 2581026321725799052501427023415820835483307041235886067265438236979150980453897702509193714952316
1 4176188314410464025148116525118839856571907649518456624120477965205524606115754507996484677228773
1 4176188314410464025148116525118839856571907649518456624120477965205524606115754507996484677228774
1 4176188314410464025148116525118839856571907649518456624120477965205524606115754507996484677228772
1 6757214636136263077649543548534660692055214690754342691385916202184675586569652210505678392181090
1 6757214636136263077649543548534660692055214690754342691385916202184675586569652210505678392181091
1 6757214636136263077649543548534660692055214690754342691385916202184675586569652210505678392181089
1 10933402950546727102797660073653500548627122340272799315506394167390200192685406718502163069409863
1 10933402950546727102797660073653500548627122340272799315506394167390200192685406718502163069409864
1 10933402950546727102797660073653500548627122340272799315506394167390200192685406718502163069409862
1 17690617586682990180447203622188161240682337031027142006892310369574875779255058929007841461590953
1 17690617586682990180447203622188161240682337031027142006892310369574875779255058929007841461590954
1 17690617586682990180447203622188161240682337031027142006892310369574875779255058929007841461590952
1 28624020537229717283244863695841661789309459371299941322398704536965075971940465647510004531000816
1 28624020537229717283244863695841661789309459371299941322398704536965075971940465647510004531000817
1 28624020537229717283244863695841661789309459371299941322398704536965075971940465647510004531000815
1 46314638123912707463692067318029823029991796402327083329291014906539951751195524576517845992591769
1 46314638123912707463692067318029823029991796402327083329291014906539951751195524576517845992591770
1 46314638123912707463692067318029823029991796402327083329291014906539951751195524576517845992591768
1 74938658661142424746936931013871484819301255773627024651689719443505027723135990224027850523592585
1 74938658661142424746936931013871484819301255773627024651689719443505027723135990224027850523592586
1 74938658661142424746936931013871484819301255773627024651689719443505027723135990224027850523592584
1 121253296785055132210628998331901307849293052175954107980980734350044979474331514800545696516184354
1 121253296785055132210628998331901307849293052175954107980980734350044979474331514800545696516184355
1 121253296785055132210628998331901307849293052175954107980980734350044979474331514800545696516184353
1 196191955446197556957565929345772792668594307949581132632670453793550007197467505024573547039776939
1 196191955446197556957565929345772792668594307949581132632670453793550007197467505024573547039776940
1 196191955446197556957565929345772792668594307949581132632670453793550007197467505024573547039776938
1 317445252231252689168194927677674100517887360125535240613651188143594986671799019825119243555961293
1 317445252231252689168194927677674100517887360125535240613651188143594986671799019825119243555961294
1 317445252231252689168194927677674100517887360125535240613651188143594986671799019825119243555961292
1 513637207677450246125760857023446893186481668075116373246321641937144993869266524849692790595738232
1 513637207677450246125760857023446893186481668075116373246321641937144993869266524849692790595738233
1 513637207677450246125760857023446893186481668075116373246321641937144993869266524849692790595738231
1 831082459908702935293955784701120993704369028200651613859972830080739980541065544674812034151699525
1 831082459908702935293955784701120993704369028200651613859972830080739980541065544674812034151699526
1 831082459908702935293955784701120993704369028200651613859972830080739980541065544674812034151699524
1 1344719667586153181419716641724567886890850696275767987106294472017884974410332069524504824747437757
1 1344719667586153181419716641724567886890850696275767987106294472017884974410332069524504824747437758
1 1344719667586153181419716641724567886890850696275767987106294472017884974410332069524504824747437756
1 2175802127494856116713672426425688880595219724476419600966267302098624954951397614199316858899137282
1 2175802127494856116713672426425688880595219724476419600966267302098624954951397614199316858899137283
1 2175802127494856116713672426425688880595219724476419600966267302098624954951397614199316858899137281
1 3520521795081009298133389068150256767486070420752187588072561774116509929361729683723821683646575039
1 3520521795081009298133389068150256767486070420752187588072561774116509929361729683723821683646575040
1 3520521795081009298133389068150256767486070420752187588072561774116509929361729683723821683646575038
1 5696323922575865414847061494575945648081290145228607189038829076215134884313127297923138542545712321
1 5696323922575865414847061494575945648081290145228607189038829076215134884313127297923138542545712322
1 5696323922575865414847061494575945648081290145228607189038829076215134884313127297923138542545712320
1 9216845717656874712980450562726202415567360565980794777111390850331644813674856981646960226192287360
1 9216845717656874712980450562726202415567360565980794777111390850331644813674856981646960226192287361
1 9216845717656874712980450562726202415567360565980794777111390850331644813674856981646960226192287359
1 14913169640232740127827512057302148063648650711209401966150219926546779697987984279570098768737999681
1 14913169640232740127827512057302148063648650711209401966150219926546779697987984279570098768737999682
1 14913169640232740127827512057302148063648650711209401966150219926546779697987984279570098768737999680
1 24130015357889614840807962620028350479216011277190196743261610776878424511662841261217058994930287041
1 24130015357889614840807962620028350479216011277190196743261610776878424511662841261217058994930287042
1 24130015357889614840807962620028350479216011277190196743261610776878424511662841261217058994930287040
1 39043184998122354968635474677330498542864661988399598709411830703425204209650825540787157763668286722
1 39043184998122354968635474677330498542864661988399598709411830703425204209650825540787157763668286723
1 39043184998122354968635474677330498542864661988399598709411830703425204209650825540787157763668286721
1 63173200356011969809443437297358849022080673265589795452673441480303628721313666802004216758598573763
1 63173200356011969809443437297358849022080673265589795452673441480303628721313666802004216758598573764
1 63173200356011969809443437297358849022080673265589795452673441480303628721313666802004216758598573762
1 102216385354134324778078911974689347564945335253989394162085272183728832930964492342791374522266860485
1 102216385354134324778078911974689347564945335253989394162085272183728832930964492342791374522266860486
1 102216385354134324778078911974689347564945335253989394162085272183728832930964492342791374522266860484
1 165389585710146294587522349272048196587026008519579189614758713664032461652278159144795591280865434248
1 165389585710146294587522349272048196587026008519579189614758713664032461652278159144795591280865434249
1 165389585710146294587522349272048196587026008519579189614758713664032461652278159144795591280865434247
1 267605971064280619365601261246737544151971343773568583776843985847761294583242651487586965803132294733
1 267605971064280619365601261246737544151971343773568583776843985847761294583242651487586965803132294734
1 267605971064280619365601261246737544151971343773568583776843985847761294583242651487586965803132294732
1 432995556774426913953123610518785740738997352293147773391602699511793756235520810632382557083997728981
1 432995556774426913953123610518785740738997352293147773391602699511793756235520810632382557083997728982
1 432995556774426913953123610518785740738997352293147773391602699511793756235520810632382557083997728980
1 700601527838707533318724871765523284890968696066716357168446685359555050818763462119969522887130023714
1 700601527838707533318724871765523284890968696066716357168446685359555050818763462119969522887130023715
1 700601527838707533318724871765523284890968696066716357168446685359555050818763462119969522887130023713
1 1133597084613134447271848482284309025629966048359864130560049384871348807054284272752352079971127752695
1 1133597084613134447271848482284309025629966048359864130560049384871348807054284272752352079971127752696
1 1133597084613134447271848482284309025629966048359864130560049384871348807054284272752352079971127752694
1 1834198612451841980590573354049832310520934744426580487728496070230903857873047734872321602858257776409
1 1834198612451841980590573354049832310520934744426580487728496070230903857873047734872321602858257776410
1 1834198612451841980590573354049832310520934744426580487728496070230903857873047734872321602858257776408
1 2967795697064976427862421836334141336150900792786444618288545455102252664927332007624673682829385529104
1 2967795697064976427862421836334141336150900792786444618288545455102252664927332007624673682829385529105
1 2967795697064976427862421836334141336150900792786444618288545455102252664927332007624673682829385529103
1 4801994309516818408452995190383973646671835537213025106017041525333156522800379742496995285687643305513
1 4801994309516818408452995190383973646671835537213025106017041525333156522800379742496995285687643305514
1 4801994309516818408452995190383973646671835537213025106017041525333156522800379742496995285687643305512
1 7769790006581794836315417026718114982822736329999469724305586980435409187727711750121668968517028834617
1 7769790006581794836315417026718114982822736329999469724305586980435409187727711750121668968517028834618
1 7769790006581794836315417026718114982822736329999469724305586980435409187727711750121668968517028834616
1 12571784316098613244768412217102088629494571867212494830322628505768565710528091492618664254204672140130
1 12571784316098613244768412217102088629494571867212494830322628505768565710528091492618664254204672140131
1 12571784316098613244768412217102088629494571867212494830322628505768565710528091492618664254204672140129
1 20341574322680408081083829243820203612317308197211964554628215486203974898255803242740333222721700974747
1 20341574322680408081083829243820203612317308197211964554628215486203974898255803242740333222721700974748
1 20341574322680408081083829243820203612317308197211964554628215486203974898255803242740333222721700974746
1 32913358638779021325852241460922292241811880064424459384950843991972540608783894735358997476926373114877
1 32913358638779021325852241460922292241811880064424459384950843991972540608783894735358997476926373114878
1 32913358638779021325852241460922292241811880064424459384950843991972540608783894735358997476926373114876
1 53254932961459429406936070704742495854129188261636423939579059478176515507039697978099330699648074089624
1 53254932961459429406936070704742495854129188261636423939579059478176515507039697978099330699648074089625
1 53254932961459429406936070704742495854129188261636423939579059478176515507039697978099330699648074089623
1 86168291600238450732788312165664788095941068326060883324529903470149056115823592713458328176574447204501
1 86168291600238450732788312165664788095941068326060883324529903470149056115823592713458328176574447204502
1 86168291600238450732788312165664788095941068326060883324529903470149056115823592713458328176574447204500
1 139423224561697880139724382870407283950070256587697307264108962948325571622863290691557658876222521294125
1 139423224561697880139724382870407283950070256587697307264108962948325571622863290691557658876222521294126
1 139423224561697880139724382870407283950070256587697307264108962948325571622863290691557658876222521294124
1 225591516161936330872512695036072072046011324913758190588638866418474627738686883405015987052796968498626
1 225591516161936330872512695036072072046011324913758190588638866418474627738686883405015987052796968498627
1 225591516161936330872512695036072072046011324913758190588638866418474627738686883405015987052796968498625
0 0
